0.00101049 0.00758079 0.00310383 0.00089425 0.000904733 0.0000545073 
0.00156484 0.0113496 0.00133333 0.0016125 0.00141066 0.0000850264 
0.00248181 0.0152291 0.0105511 0.00225506 0.00220574 0.000111099 
0.00339262 0.0194032 0.0264717 0.00344 0.0022741 0.000141515 
0.00447716 0.0331015 0.00393243 0.00432875 0.00278265 0.000171272 
0.00460878 0.0319202 0.0405139 0.00561919 0.00381862 0.000204903 
0.00505081 0.0496628 0.0659839 0.00587238 0.00471004 0.000232204 
0.00727586 0.0415968 0.0205605 0.008154 0.00553535 0.000257202 
0.00544954 0.0539786 0.0322067 0.00785586 0.00536412 0.000288462 
0.00832895 0.0509342 0.0115803 0.011065 0.00702037 0.000348492 
0.00711579 0.0536316 0.00824825 0.011217 0.00577679 0.00036841 
0.00727273 0.05717 0.00623622 0.0103664 0.00597291 0.000417912 
0.0073125 0.0335792 0.0063278 0.00932143 0.00660741 0.000453203 
0.00605069 0.0545023 0.0716484 0.0217063 0.00536648 0.000455294
