2539.67 2925.66 3343.69 3871.93 4095.64 4226.7 3845.07 4604.67 4440.23 4456.93 4342.57
2581.43 3086.81 3599.48 3737.8 3936.84 4304.35 4207.61 4087.8 4581.05 4068.89 4275.96
2598.13 3232.33 3724.71 3863.75 3898.38 4172.6 4157.45 4631.52 4384.89 4109.57 4181.76
3402.63 3450.17 3519.83 3955.61 4437.86 4250.33 4674.46 4662.57 4413.26 4302.25 3960.95
2955.34 3400.74 4013.46 4026.82 4293.14 4568.08 4357.38 4753.9 4725.15 4206.2 4130.87
3102.16 3442.66 4052 4462.01 4512.64 4697.84 4804.38 4518.05 4428.39 4283.83 4268.73
3201.46 3880.73 3997.35 4384.48 4645.8 4728.25 4619.24 4728.86 4415.42 4213.04 4313.61
3445.48 4195.93 4489.52 4688.67 4498.85 4802.82 4555.38 4596.83 4542.67 4294.21 4166.65
3534.97 4185.74 4827.6 4799.94 4755.4 4849.54 5007.68 4295.85 4593.98 4228.87 4095.19
3628.91 3494.75 4861.81 5100.87 5317.84 4974.62 4271.29 4786.54 4322.63 4219.7 3918.43
4125.14 4914.11 5229.73 5423.37 5181.71 5207.46 4718.48 4787.71 4356.87 4200.3 3949.31
