2994.85 3594.35 3784.95 4036.48 4035.46 4454.2 4361.12 4260.44 4285.48 3665.13 3673.49
3013.47 3538.23 4176.62 4064.11 4406 4513.59 4018.96 4314.24 3610.89 3808.12 3695.38
3214.94 3767.87 3913.43 4240.71 3982.57 4472.75 4593.65 4429.69 0 4067.9 3775.7
3057.52 3761.56 4055.51 4342.87 4418.42 4341.13 4367.64 4352.16 4318.75 3887.89 4056.61
3307.39 3883.64 4098.16 4258.25 4707.18 4401.65 4520.15 4322.11 3987.72 4125.2 3906.11
3026.42 3820.87 4117.72 4571.75 4681.03 4776.35 4508.67 4602.97 4353.67 3878.66 3785.32
3393.32 4091.2 4490.23 4211.94 4720.73 4529.83 4426.91 4515.91 3670 3966.15 3684.18
3634.81 4174.55 4313.26 4364.44 4343.24 4319.85 4649.13 4364.69 4038.81 4034.52 4096.28
3621.78 4135.02 4544.25 4838.04 4694.71 4776.27 4634.65 4547.81 4259.2 3956.89 3824.4
3724.52 4581.67 4541.95 4605.75 4848.84 4970.81 4840.36 4234.58 4359.53 3732.83 4042.96
3776.26 4627.91 4918.47 4892.56 4895.53 4885.58 4559.55 4302.27 4169.11 3852.04 3620.1
